82
47
96
34
16
86
63
6
71
45
37
52
35
17
92
97
25
92
96
28
36
90
41
18
75
98
37
52
54
70
65
1
84
58
38
80
100
86
46
91
93
37
58
98
36
84
67
3
2
65
97
95
39
82
63
93
6
79
59
18
50
11
53
1
81
37
68
77
80
12
97
40
46
6
36
99
32
43
82
91
32
34
51
89
74
70
62
3
95
46
74
21
27
29
41
83
85
57
18
100
16
90
24
91
68
57
50
34
46
64
61
64
97
69
87
16
60
64
28
12
75
66
83
34
38
77
14
18
65
53
15
76
26
83
75
42
11
61
22
17
20
29
57
31
86
11
25
58
42
26
23
22
29
6
26
51
8
90
53
92
44
33
69
94
50
86
38
15
95
46
6
100
42
12
93
47
10
52
49
27
52
56
76
40
31
94
47
21
57
25
35
21
8
31
73
88
60
64
82
100
74
11
64
97
20
23
80
18
14
79
42
56
42
26
40
89
57
30
63
57
39
18
58
71
12
86
92
12
39
5
87
47
70
49
54
42
92
80
20
8
14
29
8
78
84
79
80
82
91
84
31
31
1
26
62
56
54
94
86
35
31
69
80
9
93
96
87
93
73
99
98
77
10
55
43
11
11
80
88
33
7
11
22
55
74
56
46
45
88
98
89
98
95
85
78
46
50
99
86
88
93
87
10
92
87
55
21
47
83
51
46
74
7
53
29
21
47
25
35
38
50
42
6
75
11
100
83
26
78
98
62
12
95
100
41
20
1
31
68
20
36
99
62
37
53
15
92
43
57
57
99
25
65
49
39
51
82
36
81
88
72
96
70
86
90
34
80
8
12
10
20
17
57
15
2
51
81
69
23
97
9
40
70
21
99
37
48
47
61
91
39
66
50
81
48
40
30
76
47
19
36
84
32
47
37
82
68
50
47
88
71
13
14
85
80
33
27
49
88
54
87
34
47
21
71
55
68
77
67
63
22
5
22
4
62
25
9
23
84
17
70
99
100
74
21
26
53
66
1
16
14
82
89
94
33
2
37
11
77
83
15
91
83
84
67
66
92
10
23
55
24
4
66
71
84
89
34
74
100
46
2
2
77
52
49
41
17
28
72
60
88
98
47
1
2
79
16
16
8
56
35
43
44
46
92
10
16
18
11
45
69
64
11
31
82
14
15
32
36
26
50
64
39
63
68
26
58
65
70
6
73
18
66
45
12
59
59
31
60
40
25
99
18
28
92
24
87
16
20
89
65
85
81
82
6
71
5
81
79
67
52
52
49
6
72
51
99
67
19
23
55
84
72
96
2
51
46
12
72
44
40
42
45
82
41
89
37
84
40
42
55
79
53
94
88
74
51
13
56
41
26
21
97
98
34
81
13
85
81
55
25
94
9
36
27
10
7
67
65
84
14
15
27
78
69
77
32
79
9
29
1
34
56
31
18
19
46
48
49
61
76
53
4
85
17
61
70
18
67
78
67
84
49
73
28
12
95
20
30
57
50
34
77
52
55
92
39
79
18
9
65
59
19
5
8
62
12
43
62
8
8
15
13
32
62
17
86
83
4
7
25
27
19
92
12
42
76
52
31
26
23
92
100
58
13
9
65
45
66
66
100
52
58
22
50
35
22
45
90
38
7
56
76
11
85
39
41
27
94
66
86
60
12
36
86
16
15
55
19
54
53
41
18
38
7
73
69
97
43
77
21
32
62
94
20
67
16
90
73
74
69
39
52
100
80
41
40
22
37
34
21
67
27
37
86
66
39
38
4
13
71
44
85
17
46
55
98
19
17
19
1
25
83
46
86
15
90
19
58
66
33
47
61
9
56
54
5
26
9
54
29
78
86
60
4
26
54
35
54
26
44
22
6
18
34
96
85
82
52
72
76
20
81
39
81
24
83
77
62
93
50
72
11
63
90
23
40
23
42
61
61
56
65
33
23
11
42
43
76
60
69
24
75
38
79
9
98
48
80
80
43
78
73
62
76
72
11
43
28
12
57
63
40
91
11
21
56
48
16
70
83
40
1
2
24
27
98
74
85
82
25
93
44
63
18
84
83
3
57
51
100
100
16
64
4
7
85
84
27
59
54
50
32
10
98
3
77
71
39
50
74
38
58
47
88
64
19
78
74
28
38
53
92
65
70
83
25
38
99
17
42
15
47
27
28
75
61
34
65
15
7
12
65
8
78
63
42
69
77
40
88
8
11
100
21
1
59
68
40
15
79
40
73
22
8
60
91
32
20
13
3
86
13
59
21
27
88
84
88
8
